126536
126538
126539
126542
126550
126551
126552
126553
126554
126555
126556
126557
126558
126559
126560
126561
126562
126563
126564
126565
126572
126573
126574
126575
126576
126577
126578
126579
126580
126589
126590
126591
126592
126593
126594
126595
126596
126597
126598
126599
126600
126601
126602
126603
126604
126605
126606
126607
126608
126609
126610
126612
126613
126614
126615
126616
126618
126619
126620
126621
126622
126623
126624
126625
126626
126627
126628
126629
126630
126631
126633
126634
126635
126636
126637
126638
126639
126640
126641
126642
126643
126644
126645
126646
126647
126648
126649
126650
126651
126652
126653
126654
126655
126656
126657
126658
126659
126660
126661
126662
126663
126664
126665
126666
126667
126668
126669
126670
126671
126672
126673
126674
126675
126676
126677
126678
126679
126680
126681
126682
126683
126684
126685
126686
126687
126688
126689
126690
126691
126692
126693
126694
126695
126696
126697
126698
126699
126700
126702
126703
126704
126705
126706
126707
126708
126709
126710
126711
126712
126713
126714
126715
126716
126717
126718
126719
126720
126721
126722
126723
126724
126725
126726
126727
126728
126729
126730
126731
126732
126733
126734
126735
126736
126742
126743
126744
126745
126746
126747
126748
126749
126750
126751
126752
126753
126754
126760
126761
126762
126763
126764
126765
126766
126767
126768
126769
126771
126772
126773
126774
126775
126776
126777
126778
126779
126780
126781
126782
126783
126784
126785
126786
126787
126788
126789
126790
126791
126792
126793
126794
126795
126796
126797
126798
126799
126800
126801
126802
126803
126804
126805
126806
126807
126808
126809
126810
126811
126812
126813
126814
126815
126816
126817
126818
126819
126820
126821
126822
126823
126824
126825
126826
126827
126828
126829
126830
126831
126832
126833
126834
126835
126837
126838
126839
126840
126841
126843
126844
126845
126846
126847
126848
126849
126850
126851
126852
126853
126854
126855
126856
126857
126858
126859
126860
126861
126863
126864
126865
126866
126867
126868
126869
126870
126871
126872
126874
126875
126876
126877
126878
126880
126881
126882
126885
126886
126887
126888
126889
126890
126891
126892
126893
126911
126912
126914
126915
126916
126917
126918
126919
126920
126921
126922
126924
126925
126926
126927
126928
126930
126931
126932
126933
126934
126935
126936
126937
126938
126939
126940
126941
126942
126943
126945
126946
126947
126948
126949
126950
126951
126953
126954
126955
126956
126957
126959
126960
126961
126962
126963
126965
126966
126967
126968
126969
126970
126971
126972
126973
126974
126975
126976
126977
126978
126979
126980
126981
126982
126983
126984
126985
126986
126987
126988
126989
126990
126991
126992
126993
126994
126995
126996
126997
126998
126999
127000
127001
127002
127003
127004
127005
127006
127007
127008
127009
127010
127011
127012
127013
127014
127015
127016
127017
127018
127019
127020
127021
127022
127023
127027
127028
127029
127030
127031
127032
127033
127034
127035
127036
127038
127039
127041
127042
127043
127044
127045
127046
127055
127056
127057
127058
127059
127060
127061
127062
127063
127064
127065
127066
127067
127068
127069
127070
127071
127072
127073
127074
127075
127077
127078
127079
127080
127082
127083
127084
127085
127086
127087
127088
127089
127090
127091
127092
127093
127094
127095
127096
127097
127098
127099
127100
127101
127103
127110
127111
127112
127113
127114
127115
127116
127117
127118
127119
127120
127122
127123
127129
127130
127131
127132
127133
127138
127139
127140
127141
127150
127151
127152
127153
127154
127155
127156
127159
127161
127162
127163
127164
127165
127166
127167
127168
127169
127170
127171
127172
127173
127174
127175
127176
127177
127178
127179
127180
127186
127187
127190
127191
127192
127194
127195
127196
127197
127198
127199
127200
127201
127202
127203
127204
127205
127206
127207
127208
127209
127210
127213
127215
127216
127217
127219
127220
127221
127222
127223
127224
127225
127226
127227
127228
127230
127231
127232
127233
127234
127235
127236
127237
127238
127239
127240
127241
127242
127243
127244
127245
127246
127247
127248
127249
127250
127251
127252
127253
127254
127255
127256
127257
127258
127259
127260
127263
127266
127267
127284
127285
127286
127293
127295
127296
127297
127298
127299
127300
127301
127302
127303
127304
127305
127306
127307
127308
127309
127310
127311
127312
127313
127314
127316
127317
127318
127319
127320
127327
127328
127331
127332
127333
127334
127335
127336
127337
127338
127339
127340
127341
127342
127343
